tag                           取樣            位置誤差 中位/p95/最大 (m)         前半→後半          朝向誤差 中位/最大 (°)
sa4r2_c27_dynamic_run01     1657       0.089   0.129   0.185   0.09→ 0.09            0.70    7.43
sa4r2_c27_dynamic_run02     1687       0.090   0.147   0.203   0.09→ 0.09            0.80    6.37
sa4r2_c27_dynamic_run03     1740       0.097   0.149   0.227   0.09→ 0.10            1.04    6.23
sa4r2_c27_dynamic_run04     2003       0.088   0.163   0.258   0.09→ 0.09            1.24    7.28
sa4r2_c27_mixed_run01       1680       0.091   0.145   0.219   0.09→ 0.10            0.74    6.16
sa4r2_c27_mixed_run02       1818       0.092   0.156   0.205   0.09→ 0.10            0.99    5.99
sa4r2_c27_mixed_run03       2691       0.091   0.155   0.244   0.09→ 0.09            0.99    7.97
sa4r2_c27_mixed_run04       2909       0.089   0.169   0.280   0.09→ 0.10            1.12    7.98
sa4r2_c27_static_run01      1668       0.093   0.151   0.196   0.10→ 0.10            0.70    6.34
sa4r2_c27_static_run02      1679       0.099   0.153   0.206   0.10→ 0.10            0.77    6.34
sa4r2_c27_static_run03      1757       0.095   0.154   0.199   0.10→ 0.10            0.68    8.82
sa4r2_c27_static_run04      2458       0.093   0.155   0.270   0.09→ 0.10            0.88    7.13
sa4r2_c36_dynamic_run01     1982       0.092   0.135   0.180   0.09→ 0.09            0.74    5.98
sa4r2_c36_dynamic_run02     2025       0.091   0.142   0.254   0.09→ 0.09            0.71    5.96
sa4r2_c36_dynamic_run03     2096       0.093   0.148   0.209   0.09→ 0.10            0.82    6.93
sa4r2_c36_dynamic_run04     2118       0.092   0.147   0.217   0.09→ 0.09            0.90    7.65
sa4r2_c36_mixed_run01       2387       0.090   0.150   0.238   0.09→ 0.10            0.96    8.42
sa4r2_c36_mixed_run02       2095       0.094   0.155   0.198   0.10→ 0.10            0.72    6.26
sa4r2_c36_mixed_run03       2157       0.093   0.159   0.207   0.10→ 0.09            0.83    6.84
sa4r2_c36_mixed_run04       2359       0.088   0.158   0.294   0.10→ 0.09            1.01    8.20
sa4r2_c36_static_run01      2012       0.090   0.147   0.219   0.09→ 0.09            0.75    6.42
sa4r2_c36_static_run02      2003       0.095   0.151   0.201   0.10→ 0.10            0.68    6.39
sa4r2_c36_static_run03      2024       0.092   0.152   0.207   0.10→ 0.09            0.66    7.23
sa4r2_c36_static_run04      2132       0.092   0.153   0.196   0.09→ 0.09            0.83    7.27
sa4r3_c27_dynamic_run01     1614       0.092   0.131   0.185   0.08→ 0.09            0.48    7.58
sa4r3_c27_dynamic_run02     1703       0.086   0.146   0.176   0.09→ 0.09            0.68    7.19
sa4r3_c27_dynamic_run03     1912       0.090   0.146   0.208   0.09→ 0.10            0.95    6.83
sa4r3_c27_dynamic_run04     1769       0.091   0.146   0.247   0.09→ 0.09            0.79    6.95
sa4r3_c27_mixed_run01       1765       0.091   0.142   0.197   0.09→ 0.10            0.68    8.52
sa4r3_c27_mixed_run02       1915       0.097   0.163   0.220   0.10→ 0.10            0.91    7.18
sa4r3_c27_mixed_run03       2310       0.094   0.165   0.238   0.09→ 0.10            1.40    7.14
sa4r3_c27_mixed_run04       2314       0.091   0.156   0.272   0.09→ 0.09            1.18    6.96
sa4r3_c27_static_run01      1655       0.091   0.150   0.191   0.09→ 0.10            0.61    6.22
sa4r3_c27_static_run02      1661       0.099   0.156   0.191   0.09→ 0.11            0.60    6.69
sa4r3_c27_static_run03      1782       0.100   0.157   0.222   0.10→ 0.10            0.70    7.02
sa4r3_c27_static_run04      2274       0.097   0.156   0.266   0.10→ 0.10            0.81    9.57
sa4r3_c36_dynamic_run01     2001       0.096   0.139   0.208   0.09→ 0.09            0.70    6.72
sa4r3_c36_dynamic_run02     2065       0.091   0.151   0.265   0.09→ 0.09            0.82    7.03
sa4r3_c36_dynamic_run03     2114       0.093   0.150   0.271   0.09→ 0.09            0.70    6.31
sa4r3_c36_dynamic_run04     2078       0.091   0.141   0.190   0.09→ 0.09            0.72    7.81
sa4r3_c36_mixed_run01       2086       0.090   0.152   0.201   0.10→ 0.09            0.77    6.28
sa4r3_c36_mixed_run02       2275       0.094   0.155   0.243   0.10→ 0.10            0.72    6.72
sa4r3_c36_mixed_run03       2264       0.089   0.158   0.186   0.09→ 0.09            0.81    8.25
sa4r3_c36_mixed_run04       2081       0.093   0.155   0.206   0.10→ 0.09            0.84    7.42
sa4r3_c36_static_run01      1993       0.088   0.155   0.228   0.09→ 0.10            0.58    6.31
sa4r3_c36_static_run02      1980       0.098   0.153   0.228   0.10→ 0.10            0.59    5.91
sa4r3_c36_static_run03      2006       0.095   0.155   0.230   0.10→ 0.10            0.63    7.09
sa4r3_c36_static_run04      2042       0.092   0.153   0.191   0.09→ 0.09            0.72    6.12
sa5r2_c27_dynamic_run01     1828       0.091   0.133   0.189   0.08→ 0.09            0.56    6.86
sa5r2_c27_dynamic_run02     2089       0.090   0.145   0.198   0.08→ 0.09            0.88    6.62
sa5r2_c27_dynamic_run03     3398       0.086   0.149   0.238   0.08→ 0.09            1.40    8.08
sa5r2_c27_dynamic_run04     2368       0.091   0.144   0.196   0.09→ 0.09            0.92    8.00
sa5r2_c27_mixed_run01       2271       0.091   0.144   0.217   0.09→ 0.09            0.59    7.53
sa5r2_c27_mixed_run02       2921       0.091   0.154   0.220   0.10→ 0.09            1.21    7.58
sa5r2_c27_mixed_run03       2747       0.088   0.154   0.218   0.09→ 0.09            1.14    6.87
sa5r2_c27_mixed_run04       2855       0.096   0.165   0.264   0.10→ 0.10            0.97    7.04
sa5r2_c27_static_run01      1915       0.090   0.147   0.201   0.09→ 0.09            0.67    6.67
sa5r2_c27_static_run02      1936       0.097   0.155   0.193   0.10→ 0.10            0.60    8.03
sa5r2_c27_static_run03      1835       0.097   0.161   0.204   0.10→ 0.10            0.65    7.27
sa5r2_c27_static_run04      4448       0.095   0.157   0.245   0.10→ 0.09            0.82    7.81
sa5r2_c36_dynamic_run01     2199       0.096   0.132   0.179   0.09→ 0.09            0.73    5.97
sa5r2_c36_dynamic_run02     2923       0.082   0.137   0.274   0.08→ 0.08            0.62    6.31
sa5r2_c36_dynamic_run03     2368       0.083   0.134   0.187   0.08→ 0.08            0.82    7.27
sa5r2_c36_dynamic_run04     2409       0.088   0.143   0.185   0.09→ 0.09            0.76    7.17
sa5r2_c36_mixed_run01       2254       0.092   0.151   0.195   0.09→ 0.10            0.86    7.43
sa5r2_c36_mixed_run02       2728       0.090   0.153   0.236   0.09→ 0.09            0.76    7.41
sa5r2_c36_mixed_run03       2662       0.091   0.154   0.199   0.09→ 0.09            0.96    7.55
sa5r2_c36_mixed_run04       2391       0.088   0.154   0.224   0.10→ 0.08            0.89    7.48
sa5r2_c36_static_run01      2107       0.087   0.151   0.188   0.09→ 0.09            0.65    8.09
sa5r2_c36_static_run02      2265       0.094   0.154   0.184   0.09→ 0.10            0.44    6.93
sa5r2_c36_static_run03      2275       0.087   0.154   0.246   0.10→ 0.09            0.58    7.20
sa5r2_c36_static_run04      2794       0.083   0.149   0.188   0.09→ 0.08            0.70    7.12

  全部 72 趟：中位誤差 0.091 m，最大 0.294 m
  後半段比前半段惡化 30% 以上的趟數：0 / 72（漂移會累積的話這裡會偏高）
