tag                           取樣            位置誤差 中位/p95/最大 (m)         前半→後半          朝向誤差 中位/最大 (°)
sa4r2_c27_dynamic_run01     1657       0.089   0.129   0.185   0.09→ 0.09            0.70    7.43
sa4r2_c27_dynamic_run02     1687       0.090   0.147   0.203   0.09→ 0.09            0.80    6.37
sa4r2_c27_dynamic_run03     1740       0.097   0.149   0.227   0.09→ 0.10            1.04    6.23
sa4r2_c27_dynamic_run04     1910       0.090   0.154   0.196   0.09→ 0.09            1.05    5.52
sa4r2_c27_mixed_run01       1680       0.091   0.145   0.219   0.09→ 0.10            0.74    6.16
sa4r2_c27_mixed_run02       1724       0.096   0.166   0.206   0.10→ 0.10            0.83    5.97
sa4r2_c27_mixed_run03       2691       0.091   0.155   0.244   0.09→ 0.09            0.99    7.97
sa4r2_c27_mixed_run04       2298       0.094   0.158   0.266   0.09→ 0.10            0.85    7.46
sa4r2_c27_static_run01      1668       0.093   0.151   0.196   0.10→ 0.10            0.70    6.34
sa4r2_c27_static_run02      1662       0.099   0.160   0.224   0.10→ 0.10            0.69    5.99
sa4r2_c27_static_run03      1757       0.095   0.154   0.199   0.10→ 0.10            0.68    8.82
sa4r2_c27_static_run04      2458       0.093   0.155   0.270   0.09→ 0.10            0.88    7.13
sa4r2_c36_dynamic_run01     1982       0.092   0.135   0.180   0.09→ 0.09            0.74    5.98
sa4r2_c36_dynamic_run02     2025       0.091   0.142   0.254   0.09→ 0.09            0.71    5.96
sa4r2_c36_dynamic_run03     2096       0.093   0.148   0.209   0.09→ 0.10            0.82    6.93
sa4r2_c36_dynamic_run04     2121       0.092   0.136   0.193   0.09→ 0.09            0.99    7.51
sa4r2_c36_mixed_run01       2425       0.092   0.148   0.202   0.09→ 0.09            1.02    7.31
sa4r2_c36_mixed_run02       2095       0.094   0.155   0.198   0.10→ 0.10            0.72    6.26
sa4r2_c36_mixed_run03       2157       0.093   0.159   0.207   0.10→ 0.09            0.83    6.84
sa4r2_c36_mixed_run04       2162       0.094   0.159   0.209   0.10→ 0.10            0.80    6.69
sa4r2_c36_static_run01      1977       0.091   0.142   0.189   0.10→ 0.09            0.59    7.30
sa4r2_c36_static_run02      2003       0.095   0.151   0.201   0.10→ 0.10            0.68    6.39
sa4r2_c36_static_run03      2024       0.092   0.152   0.207   0.10→ 0.09            0.66    7.23
sa4r2_c36_static_run04      2132       0.092   0.153   0.196   0.09→ 0.09            0.83    7.27
sa4r3_c27_dynamic_run01     1614       0.092   0.131   0.185   0.08→ 0.09            0.48    7.58
sa4r3_c27_dynamic_run02     1703       0.086   0.146   0.176   0.09→ 0.09            0.68    7.19
sa4r3_c27_dynamic_run03     1912       0.090   0.146   0.208   0.09→ 0.10            0.95    6.83
sa4r3_c27_dynamic_run04     1943       0.085   0.155   0.223   0.08→ 0.09            1.07    7.24
sa4r3_c27_mixed_run01       1765       0.091   0.142   0.197   0.09→ 0.10            0.68    8.52
sa4r3_c27_mixed_run02       1715       0.096   0.165   0.207   0.09→ 0.10            0.89    6.56
sa4r3_c27_mixed_run03       2310       0.094   0.165   0.238   0.09→ 0.10            1.40    7.14
sa4r3_c27_mixed_run04       2771       0.093   0.169   0.238   0.09→ 0.10            1.14    7.27
sa4r3_c27_static_run01      1655       0.091   0.150   0.191   0.09→ 0.10            0.61    6.22
sa4r3_c27_static_run02      1686       0.102   0.161   0.219   0.10→ 0.11            0.54    7.33
sa4r3_c27_static_run03      1782       0.100   0.157   0.222   0.10→ 0.10            0.70    7.02
sa4r3_c27_static_run04      2274       0.097   0.156   0.266   0.10→ 0.10            0.81    9.57
sa4r3_c36_dynamic_run01     2001       0.096   0.139   0.208   0.09→ 0.09            0.70    6.72
sa4r3_c36_dynamic_run02     2065       0.091   0.151   0.265   0.09→ 0.09            0.82    7.03
sa4r3_c36_dynamic_run03     2114       0.093   0.150   0.271   0.09→ 0.09            0.70    6.31
sa4r3_c36_dynamic_run04     2072       0.087   0.132   0.210   0.08→ 0.09            0.60    6.55
sa4r3_c36_mixed_run01       2095       0.092   0.153   0.204   0.10→ 0.09            0.84    6.95
sa4r3_c36_mixed_run02       2275       0.094   0.155   0.243   0.10→ 0.10            0.72    6.72
sa4r3_c36_mixed_run03       2264       0.089   0.158   0.186   0.09→ 0.09            0.81    8.25
sa4r3_c36_mixed_run04       2312       0.089   0.162   0.230   0.10→ 0.09            0.86    6.10
sa4r3_c36_static_run01      1955       0.090   0.143   0.193   0.09→ 0.09            0.58    6.10
sa4r3_c36_static_run02      1980       0.098   0.153   0.228   0.10→ 0.10            0.59    5.91
sa4r3_c36_static_run03      2006       0.095   0.155   0.230   0.10→ 0.10            0.63    7.09
sa4r3_c36_static_run04      2042       0.092   0.153   0.191   0.09→ 0.09            0.72    6.12
sa5r2_c27_dynamic_run01     1828       0.091   0.133   0.189   0.08→ 0.09            0.56    6.86
sa5r2_c27_dynamic_run02     2089       0.090   0.145   0.198   0.08→ 0.09            0.88    6.62
sa5r2_c27_dynamic_run03     3398       0.086   0.149   0.238   0.08→ 0.09            1.40    8.08
sa5r2_c27_dynamic_run04     2305       0.089   0.146   0.226   0.09→ 0.09            0.83    8.18
sa5r2_c27_mixed_run01       2271       0.091   0.144   0.217   0.09→ 0.09            0.59    7.53
sa5r2_c27_mixed_run02       3777       0.095   0.161   0.206   0.10→ 0.09            1.16    7.96
sa5r2_c27_mixed_run03       2747       0.088   0.154   0.218   0.09→ 0.09            1.14    6.87
sa5r2_c27_mixed_run04       2761       0.098   0.158   0.236   0.10→ 0.10            0.71    7.08
sa5r2_c27_static_run01      1915       0.090   0.147   0.201   0.09→ 0.09            0.67    6.67
sa5r2_c27_static_run02      2180       0.089   0.155   0.207   0.09→ 0.10            0.51    7.36
sa5r2_c27_static_run03      1835       0.097   0.161   0.204   0.10→ 0.10            0.65    7.27
sa5r2_c27_static_run04      4448       0.095   0.157   0.245   0.10→ 0.09            0.82    7.81
sa5r2_c36_dynamic_run01     2199       0.096   0.132   0.179   0.09→ 0.09            0.73    5.97
sa5r2_c36_dynamic_run02     2923       0.082   0.137   0.274   0.08→ 0.08            0.62    6.31
sa5r2_c36_dynamic_run03     2368       0.083   0.134   0.187   0.08→ 0.08            0.82    7.27
sa5r2_c36_dynamic_run04     2250       0.086   0.139   0.262   0.09→ 0.09            0.81    7.80
sa5r2_c36_mixed_run01       2433       0.091   0.146   0.252   0.09→ 0.09            0.64    7.01
sa5r2_c36_mixed_run02       2728       0.090   0.153   0.236   0.09→ 0.09            0.76    7.41
sa5r2_c36_mixed_run03       2662       0.091   0.154   0.199   0.09→ 0.09            0.96    7.55
sa5r2_c36_mixed_run04       3308       0.087   0.157   0.200   0.09→ 0.09            1.20    7.16
sa5r2_c36_static_run01      2132       0.088   0.144   0.196   0.09→ 0.09            0.40    6.84
sa5r2_c36_static_run02      2265       0.094   0.154   0.184   0.09→ 0.10            0.44    6.93
sa5r2_c36_static_run03      2275       0.087   0.154   0.246   0.10→ 0.09            0.58    7.20
sa5r2_c36_static_run04      2794       0.083   0.149   0.188   0.09→ 0.08            0.70    7.12

  全部 72 趟：中位誤差 0.092 m，最大 0.274 m
  後半段比前半段惡化 30% 以上的趟數：0 / 72（漂移會累積的話這裡會偏高）
